4 0.5625 0.18509615384615385 0.10096153846153846 0.10516826923076923
4 0.9399038461538461 0.19110576923076922 0.09194711538461539 0.10877403846153846
4 0.8149038461538461 0.1935096153846154 0.09014423076923077 0.10576923076923077
4 0.4375 0.1935096153846154 0.0859375 0.10817307692307693
4 0.6875 0.1935096153846154 0.078125 0.10276442307692307
4 0.19110576923076922 0.19471153846153846 0.09435096153846154 0.10036057692307693
4 0.31009615384615385 0.19471153846153846 0.10516826923076923 0.10997596153846154
4 0.0625 0.1971153846153846 0.08774038461538461 0.1045673076923077
0 0.3088942307692308 0.0625 0.0985576923076923 0.11959134615384616
0 0.6887019230769231 0.06370192307692307 0.09915865384615384 0.10877403846153846
9 0.1875 0.06490384615384616 0.10576923076923077 0.11899038461538461
5 0.4411057692307692 0.06490384615384616 0.11298076923076923 0.11538461538461539
2 0.5637019230769231 0.06490384615384616 0.1123798076923077 0.11538461538461539
3 0.8173076923076923 0.06610576923076923 0.09735576923076923 0.11538461538461539
7 0.06370192307692307 0.06971153846153846 0.09375 0.10997596153846154
1 0.9411057692307693 0.07091346153846154 0.09615384615384616 0.10877403846153846
10 0.3112980769230769 0.8149038461538461 0.09915865384615384 0.11177884615384616
10 0.9375 0.8149038461538461 0.09194711538461539 0.10997596153846154
10 0.18870192307692307 0.8161057692307693 0.09795673076923077 0.10877403846153846
10 0.4326923076923077 0.8173076923076923 0.0967548076923077 0.1141826923076923
10 0.5600961538461539 0.8173076923076923 0.09254807692307693 0.10516826923076923
10 0.06610576923076923 0.8173076923076923 0.08413461538461539 0.10697115384615384
10 0.6850961538461539 0.8173076923076923 0.09615384615384616 0.10697115384615384
10 0.8125 0.8221153846153846 0.09615384615384616 0.10036057692307693
8 0.5625 0.9375 0.1063701923076923 0.11538461538461539
9 0.8088942307692307 0.9387019230769231 0.09915865384615384 0.11057692307692307
6 0.3137019230769231 0.9387019230769231 0.09915865384615384 0.1123798076923077
11 0.43990384615384615 0.9399038461538461 0.11117788461538461 0.11538461538461539
7 0.06610576923076923 0.9411057692307693 0.10336538461538461 0.10396634615384616
6 0.6875 0.9411057692307693 0.09735576923076923 0.1171875
9 0.18990384615384615 0.9411057692307693 0.10576923076923077 0.11298076923076923
7 0.9350961538461539 0.9435096153846154 0.08713942307692307 0.10336538461538461