11 0.6887019230769231 0.18509615384615385 0.1123798076923077 0.11478365384615384
10 0.3112980769230769 0.1875 0.0889423076923077 0.1063701923076923
10 0.18509615384615385 0.19110576923076922 0.09194711538461539 0.10276442307692307
10 0.06129807692307692 0.1935096153846154 0.09134615384615384 0.10276442307692307
10 0.6826923076923077 0.31490384615384615 0.09194711538461539 0.10216346153846154
3 0.4387019230769231 0.43509615384615385 0.1123798076923077 0.11478365384615384
3 0.3112980769230769 0.5588942307692307 0.10576923076923077 0.1123798076923077
10 0.8100961538461539 0.5637019230769231 0.0907451923076923 0.10276442307692307
4 0.5588942307692307 0.5649038461538461 0.09375 0.10096153846153846
9 0.1875 0.06009615384615385 0.10516826923076923 0.11117788461538461
7 0.06370192307692307 0.0625 0.1123798076923077 0.11538461538461539
9 0.8112980769230769 0.0625 0.10276442307692307 0.11478365384615384
1 0.9338942307692307 0.0625 0.09795673076923077 0.10096153846153846
8 0.43990384615384615 0.06370192307692307 0.10997596153846154 0.11538461538461539
6 0.31009615384615385 0.06610576923076923 0.10576923076923077 0.11538461538461539
4 0.43028846153846156 0.6850961538461539 0.10216346153846154 0.109375
5 0.8125 0.6850961538461539 0.1141826923076923 0.11177884615384616
4 0.3125 0.8076923076923077 0.1045673076923077 0.10576923076923077
4 0.19110576923076922 0.8088942307692307 0.09915865384615384 0.10757211538461539
4 0.0625 0.8100961538461539 0.0967548076923077 0.1063701923076923
4 0.8137019230769231 0.8137019230769231 0.0985576923076923 0.09795673076923077
0 0.6826923076923077 0.9302884615384616 0.10516826923076923 0.11959134615384616
2 0.4375 0.9314903846153846 0.11538461538461539 0.10817307692307693
1 0.06009615384615385 0.9350961538461539 0.10036057692307693 0.1015625