3 0.43509615384615385 0.19230769230769232 0.1015625 0.10997596153846154
4 0.6802884615384616 0.19471153846153846 0.08713942307692307 0.10997596153846154
4 0.06971153846153846 0.20072115384615385 0.08173076923076923 0.10336538461538461
2 0.31490384615384615 0.3161057692307692 0.11117788461538461 0.11298076923076923
3 0.6802884615384616 0.3161057692307692 0.1015625 0.10336538461538461
4 0.4362980769230769 0.32091346153846156 0.10276442307692307 0.10276442307692307
5 0.07211538461538461 0.43509615384615385 0.10997596153846154 0.10997596153846154
4 0.7980769230769231 0.4375 0.10697115384615384 0.09615384615384616
4 0.921875 0.43990384615384615 0.0985576923076923 0.10576923076923077
4 0.18990384615384615 0.44350961538461536 0.0859375 0.09435096153846154
4 0.3112980769230769 0.44350961538461536 0.08353365384615384 0.0985576923076923
10 0.6814903846153846 0.44471153846153844 0.09314903846153846 0.10036057692307693
4 0.5600961538461539 0.44711538461538464 0.09134615384615384 0.09194711538461539
6 0.6814903846153846 0.5612980769230769 0.10396634615384616 0.10877403846153846
9 0.06971153846153846 0.5625 0.10516826923076923 0.1063701923076923
10 0.4362980769230769 0.5649038461538461 0.08954326923076923 0.10216346153846154
10 0.19230769230769232 0.5661057692307693 0.0967548076923077 0.09435096153846154
10 0.8040865384615384 0.5697115384615384 0.09795673076923077 0.09975961538461539
9 0.6778846153846154 0.6826923076923077 0.11057692307692307 0.11478365384615384
0 0.9230769230769231 0.6838942307692307 0.10576923076923077 0.10757211538461539
11 0.4338942307692308 0.6838942307692307 0.10877403846153846 0.10817307692307693
1 0.19230769230769232 0.06971153846153846 0.11959134615384616 0.11478365384615384
0 0.6802884615384616 0.07091346153846154 0.1063701923076923 0.10336538461538461
1 0.9242788461538461 0.07572115384615384 0.0985576923076923 0.10576923076923077
6 0.8028846153846154 0.8052884615384616 0.10697115384615384 0.11057692307692307
10 0.9182692307692307 0.8076923076923077 0.09555288461538461 0.1063701923076923
10 0.3137019230769231 0.8088942307692307 0.10276442307692307 0.10336538461538461
10 0.5540865384615384 0.8088942307692307 0.09134615384615384 0.10757211538461539
10 0.07211538461538461 0.8088942307692307 0.08233173076923077 0.10336538461538461
8 0.3125 0.9278846153846154 0.10516826923076923 0.11057692307692307
9 0.43509615384615385 0.9290865384615384 0.0907451923076923 0.10877403846153846
9 0.921875 0.9314903846153846 0.09615384615384616 0.10757211538461539