3 0.4387019230769231 0.19110576923076922 0.10396634615384616 0.11358173076923077
4 0.8137019230769231 0.19110576923076922 0.09375 0.10877403846153846
4 0.5625 0.19230769230769232 0.09495192307692307 0.10576923076923077
4 0.0625 0.19230769230769232 0.09495192307692307 0.10997596153846154
4 0.6862980769230769 0.1935096153846154 0.09375 0.10396634615384616
3 0.06490384615384616 0.31490384615384615 0.10216346153846154 0.11117788461538461
4 0.3137019230769231 0.3161057692307692 0.08954326923076923 0.11057692307692307
10 0.5661057692307693 0.4387019230769231 0.0889423076923077 0.11778846153846154
6 0.8149038461538461 0.4387019230769231 0.10576923076923077 0.10877403846153846
4 0.9399038461538461 0.4423076923076923 0.10096153846153846 0.10576923076923077
4 0.18870192307692307 0.5637019230769231 0.09915865384615384 0.10576923076923077
6 0.3125 0.5649038461538461 0.11117788461538461 0.11177884615384616
10 0.06490384615384616 0.5649038461538461 0.09194711538461539 0.10516826923076923
0 0.3137019230769231 0.0625 0.10396634615384616 0.1141826923076923
5 0.4387019230769231 0.06370192307692307 0.11778846153846154 0.11778846153846154
2 0.5661057692307693 0.06610576923076923 0.1201923076923077 0.11778846153846154
3 0.6850961538461539 0.06610576923076923 0.09194711538461539 0.10757211538461539
1 0.9375 0.06850961538461539 0.09735576923076923 0.10576923076923077
9 0.6899038461538461 0.6887019230769231 0.09975961538461539 0.11298076923076923
1 0.0625 0.06850961538461539 0.0967548076923077 0.11057692307692307
10 0.3161057692307692 0.8149038461538461 0.09435096153846154 0.1015625
10 0.8125 0.8149038461538461 0.08533653846153846 0.10997596153846154
10 0.6899038461538461 0.8161057692307693 0.09615384615384616 0.1123798076923077
10 0.1875 0.8173076923076923 0.08533653846153846 0.1015625
10 0.9375 0.8173076923076923 0.07752403846153846 0.1015625
9 0.18629807692307693 0.9362980769230769 0.10276442307692307 0.10757211538461539
11 0.43990384615384615 0.9362980769230769 0.11899038461538461 0.1123798076923077
7 0.0673076923076923 0.9387019230769231 0.10036057692307693 0.11057692307692307
7 0.6887019230769231 0.9387019230769231 0.11298076923076923 0.11778846153846154
8 0.8137019230769231 0.9387019230769231 0.12259615384615384 0.11778846153846154