0 0.8076923076923077 0.18269230769230768 0.09735576923076923 0.1045673076923077
4 0.9387019230769231 0.18629807692307693 0.10877403846153846 0.11538461538461539
4 0.18509615384615385 0.1875 0.09975961538461539 0.11057692307692307
4 0.6850961538461539 0.1875 0.09194711538461539 0.10697115384615384
4 0.06490384615384616 0.18870192307692307 0.10036057692307693 0.10817307692307693
4 0.5612980769230769 0.18990384615384615 0.08653846153846154 0.10216346153846154
4 0.8100961538461539 0.3125 0.09134615384615384 0.10697115384615384
10 0.43509615384615385 0.4338942307692308 0.08233173076923077 0.10877403846153846
3 0.9338942307692307 0.4375 0.10757211538461539 0.11057692307692307
1 0.3125 0.5588942307692307 0.1063701923076923 0.1171875
10 0.5576923076923077 0.5649038461538461 0.10036057692307693 0.10576923076923077
2 0.8125 0.05889423076923077 0.1141826923076923 0.10336538461538461
1 0.6875 0.06370192307692307 0.10516826923076923 0.10817307692307693
9 0.3125 0.6814903846153846 0.0967548076923077 0.10757211538461539
10 0.6850961538461539 0.6887019230769231 0.08233173076923077 0.10096153846153846
10 0.06610576923076923 0.8137019230769231 0.0889423076923077 0.10336538461538461
10 0.19230769230769232 0.8149038461538461 0.08713942307692307 0.109375
10 0.8088942307692307 0.8149038461538461 0.09795673076923077 0.109375
10 0.9375 0.8149038461538461 0.10516826923076923 0.10036057692307693
8 0.9338942307692307 0.9362980769230769 0.10877403846153846 0.1123798076923077
7 0.6838942307692307 0.9387019230769231 0.10336538461538461 0.10877403846153846
7 0.3137019230769231 0.9387019230769231 0.10336538461538461 0.10817307692307693